#doc source topic proportion ...
0 G:\Exchange\mallet\malletGUI2.0\sample-data\web\de\apollo8.txt 2 0.30828516377649323 4 0.13937058445728967 6 0.1252408477842004 7 0.11560693641618497 8 0.08413615928066795 0 0.05908798972382787 1 0.05138086062941554 5 0.04945407835581246 9 0.038535645472061654 3 0.028901734104046242  
1 G:\Exchange\mallet\malletGUI2.0\sample-data\web\de\fiv.txt 7 0.5470085470085471 2 0.17236467236467237 8 0.05318138651471985 6 0.05080721747388414 5 0.04178537511870845 9 0.03608736942070275 1 0.02801519468186135 4 0.026590693257359924 0 0.02231718898385565 3 0.02184235517568851  
2 G:\Exchange\mallet\malletGUI2.0\sample-data\web\de\habichtsadler.txt 7 0.2689594356261023 2 0.15961199294532627 8 0.11728395061728394 9 0.1111111111111111 6 0.0837742504409171 4 0.06437389770723104 0 0.0582010582010582 1 0.05202821869488536 3 0.04497354497354497 5 0.03968253968253968  
3 G:\Exchange\mallet\malletGUI2.0\sample-data\web\de\hoechst.txt 6 0.3299369238233867 7 0.1698204754973314 8 0.14264919941775836 2 0.1348859776807375 4 0.061620572537603106 0 0.04269771955361475 9 0.038816108685104316 1 0.02911208151382824 5 0.028626880155264434 3 0.021834061135371178  
4 G:\Exchange\mallet\malletGUI2.0\sample-data\web\de\indogermanische.txt 7 0.36250775915580385 2 0.25512104283054005 8 0.08752327746741155 6 0.06083178150217256 4 0.06021104903786468 5 0.038485412787088766 9 0.03662321539416512 1 0.03662321539416512 0 0.03414028553693358 3 0.027932960893854747  
5 G:\Exchange\mallet\malletGUI2.0\sample-data\web\de\konrad.txt 2 0.39963570127504555 8 0.16757741347905283 7 0.11948998178506376 4 0.08378870673952642 6 0.07140255009107468 0 0.04626593806921676 1 0.03788706739526412 9 0.033151183970856105 3 0.024043715846994537 5 0.016757741347905284  
6 G:\Exchange\mallet\malletGUI2.0\sample-data\web\de\marcellinus.txt 8 0.2684742158426369 7 0.16055289739500267 2 0.15364167995746944 4 0.1238702817650186 6 0.11323763955342903 0 0.06273258904837853 1 0.03402445507708666 3 0.031366294524189264 5 0.02764486975013291 9 0.024455077086656035  
7 G:\Exchange\mallet\malletGUI2.0\sample-data\web\de\rostock.txt 6 0.3198867657466384 7 0.23920736022646852 2 0.08846426043878274 4 0.08775654635527247 8 0.059447983014861996 0 0.05449398443029016 1 0.043878273177636234 9 0.04246284501061571 3 0.03255484784147204 5 0.03184713375796178  
8 G:\Exchange\mallet\malletGUI2.0\sample-data\web\de\sadat.txt 8 0.22493224932249323 7 0.15582655826558264 2 0.15582655826558264 4 0.13617886178861788 6 0.09010840108401084 9 0.05758807588075881 5 0.05555555555555555 0 0.05013550135501355 1 0.04200542005420054 3 0.03184281842818428  
9 G:\Exchange\mallet\malletGUI2.0\sample-data\web\de\t40.txt 2 0.3925925925925926 7 0.1646090534979424 4 0.14650205761316873 8 0.0831275720164609 6 0.05555555555555555 5 0.044444444444444446 0 0.03497942386831276 9 0.030041152263374487 1 0.027160493827160494 3 0.020987654320987655  
10 G:\Exchange\mallet\malletGUI2.0\sample-data\web\de\ulrich.txt 8 0.3793490460157127 2 0.15768799102132436 7 0.11728395061728394 6 0.0819304152637486 4 0.06734006734006734 1 0.06172839506172839 9 0.04657687991021325 5 0.03254769921436588 3 0.030303030303030304 0 0.025252525252525252  
11 G:\Exchange\mallet\malletGUI2.0\sample-data\web\de\wildenstein.txt 2 0.22522522522522523 8 0.1891891891891892 7 0.15195195195195196 6 0.11471471471471471 9 0.08468468468468468 4 0.061861861861861864 1 0.061861861861861864 0 0.04744744744744745 5 0.036036036036036036 3 0.02702702702702703  
12 G:\Exchange\mallet\malletGUI2.0\sample-data\web\en\elizabeth_needham.txt 1 0.26907630522088355 3 0.2215528781793842 5 0.12048192771084337 0 0.09036144578313253 4 0.07028112449799197 6 0.06626506024096386 9 0.05421686746987952 2 0.04618473895582329 8 0.030789825970548863 7 0.030789825970548863  
13 G:\Exchange\mallet\malletGUI2.0\sample-data\web\en\equipartition_theorem.txt 0 0.3897922312556459 3 0.3048780487804878 5 0.06278229448961156 9 0.05103884372177055 6 0.04923215898825655 4 0.03839205058717254 1 0.03297199638663053 8 0.027551942186088526 2 0.023035230352303523 7 0.02032520325203252  
14 G:\Exchange\mallet\malletGUI2.0\sample-data\web\en\gunnhild.txt 3 0.22986748216106015 1 0.20336391437308868 4 0.16055045871559634 5 0.09734964322120285 6 0.08409785932721713 9 0.07594291539245668 0 0.04994903160040775 8 0.03567787971457696 7 0.03567787971457696 2 0.027522935779816515  
15 G:\Exchange\mallet\malletGUI2.0\sample-data\web\en\hawes.txt 9 0.3364569388665774 3 0.2637215528781794 5 0.14859437751004015 4 0.052655064703257475 6 0.04551539491298527 0 0.043284248103525214 8 0.03302097278000892 2 0.026327532351628737 1 0.026327532351628737 7 0.024096385542168676  
16 G:\Exchange\mallet\malletGUI2.0\sample-data\web\en\hill.txt 5 0.3877266387726639 3 0.19386331938633194 4 0.12552301255230125 1 0.08135750813575081 9 0.06834030683403068 0 0.0399814039981404 6 0.02882380288238029 7 0.027429102742910275 2 0.025569502556950254 8 0.021385402138540215  
17 G:\Exchange\mallet\malletGUI2.0\sample-data\web\en\shiloh.txt 9 0.3491104397448808 3 0.3370258475998657 5 0.08358509566968782 4 0.06680093991272239 8 0.05068815038603558 0 0.031889895938234304 2 0.02181940248405505 6 0.021148036253776436 1 0.019469620678079894 7 0.018462571332661968  
18 G:\Exchange\mallet\malletGUI2.0\sample-data\web\en\sunderland_echo.txt 5 0.3058058058058058 3 0.27177177177177175 9 0.1001001001001001 4 0.07857857857857858 1 0.07307307307307308 0 0.05155155155155155 7 0.033533533533533534 8 0.03053053053053053 6 0.027527527527527528 2 0.027527527527527528  
19 G:\Exchange\mallet\malletGUI2.0\sample-data\web\en\thespis.txt 3 0.3135993135993136 1 0.1716001716001716 5 0.16516516516516516 4 0.09180609180609181 0 0.08022308022308022 9 0.053625053625053626 6 0.04504504504504504 8 0.03432003432003432 7 0.02230802230802231 2 0.02230802230802231  
20 G:\Exchange\mallet\malletGUI2.0\sample-data\web\en\thylacine.txt 3 0.3516787815853236 1 0.2544132917964694 5 0.10211145725164417 6 0.05676704742125303 4 0.056420906888196606 9 0.055036344755970926 0 0.04915195569401177 7 0.02561439944617515 2 0.024575977847005884 8 0.024229837313949464  
21 G:\Exchange\mallet\malletGUI2.0\sample-data\web\en\uranus.txt 3 0.3764957264957265 0 0.1935897435897436 4 0.12222222222222222 5 0.057692307692307696 9 0.05641025641025641 1 0.05512820512820513 6 0.05 8 0.03290598290598291 7 0.029487179487179487 2 0.02606837606837607  
22 G:\Exchange\mallet\malletGUI2.0\sample-data\web\en\yard.txt 5 0.4307116104868914 3 0.1951727007906783 4 0.10528506034124012 9 0.062421972534332085 0 0.05201831044527674 1 0.04702455264253017 6 0.03620474406991261 2 0.031210986267166042 7 0.02122347066167291 8 0.018726591760299626  
23 G:\Exchange\mallet\malletGUI2.0\sample-data\web\en\zinta.txt 1 0.3462709284627093 5 0.18531202435312025 3 0.17161339421613395 4 0.10844748858447488 0 0.07267884322678843 7 0.030060882800608826 9 0.023211567732115676 8 0.022450532724505326 6 0.020928462709284626 2 0.01902587519025875  
